1.05952
0.365928
0.123905
0.0437483
0.0177231
0.00933948
0.00664501
0.00577734
0.00549576
0.00540258
0.00537034
0.00535802
0.00535235
0.00534898
0.00534644
0.00534422
0.00534214
0.00534012
0.00533812
0.00533614
0.00533417
0.00533219
0.00533021
0.00532824
0.00532626
0.00532427
0.00532229
0.0053203
0.00531831
0.00531631
0.00531432
0.00531232
0.00531031
0.00530831
0.0053063
0.00530428
0.00530227
0.00530025
0.00529822
0.0052962
0.00529417
0.00529214
0.00529011
0.00528807
0.00528603
0.00528398
0.00528194
0.00527989
0.00527783
